0 3 1
0,650826 1,35145 1
2,34549 1,87047 1
1,46239 0,333781 1
2,92478 -0,667563 1
1,17275 -0,935235 1
1,30165 -2,70291 1
0 -1,5 1
-1,30165 -2,70291 1
-1,17275 -0,935234 1
-2,92478 -0,667563 1
-1,46239 0,333782 1
-2,34549 1,87047 1
-0,650826 1,35145 1
0 3 1
0,447126 2,96649 1
0,884265 2,86672 1
1,30165 2,70291 1
1,68996 2,47872 1
2,04052 2,19916 1
2,34549 1,87047 1
2,59807 1,5 1
2,79262 1,09602 1
2,92478 0,667563 1
2,99161 0,22419 1
2,99161 -0,22419 1
2,92478 -0,667563 1
2,79262 -1,09602 1
2,59807 -1,5 1
2,34549 -1,87047 1
2,04052 -2,19916 1
1,68996 -2,47872 1
1,30165 -2,70291 1 
0,884264 -2,86672 1
0,447126 -2,96649 1
0 -3 1
-0,447126 -2,96649 1
-0,884264 -2,86672 1
-1,30165 -2,70291 1
-1,68996 -2,47872 1
-2,04052 -2,19916 1
-2,34549 -1,87047 1
-2,59807 -1,5 1
-2,79262 -1,09602 1
-2,92478 -0,667563 1
-2,99161 -0,224191 1
-2,99161 0,224191 1
-2,92478 0,667563 1
-2,79262 1,09602 1
-2,59807 1,5 1
-2,34549 1,87047 1
-2,04052 2,19916 1
-1,68996 2,47872 1
-1,30165 2,70291 1
-0,884265 2,86672 1
-0,447127 2,96649 1

